[Variables]
current_tool = 0
nudge_position_x = 175.656
nudge_position_y = 36.85
nudge_position_z = 45.226
spool_ids = {0: 67, 1: 62}
t0_color = 'Black'
t0_offset_x = 0.0
t0_offset_y = 0.0
t0_offset_z = 0.0
t0_raw_z = -0.14655742063259397
t0_type = 'ABS'
t1_color = 'White'
t1_offset_x = -0.7
t1_offset_y = 1.71
t1_offset_z = -0.6024999999994396
t1_raw_z = 0.5009425793680664
t1_type = 'ABS'
t2_color = 'Brown'
t2_offset_x = 0.2
t2_offset_y = 0.57
t2_offset_z = -0.4299999999991533
t2_raw_z = 0.5984425793688166
t2_type = 'ASA'
t3_color = 'Clear'
t3_offset_x = -0.29
t3_offset_y = 0.22
t3_offset_z = 0.007500000001593232
t3_raw_z = 0.34784595736321816
t3_type = 'ABS'

