[Variables]
current_tool = 0
nudge_position_x = 175.656
nudge_position_y = 36.85
nudge_position_z = 45.226
spool_ids = {0: 67, 1: 62}
t0_color = 'Black'
t0_offset_x = 0.0
t0_offset_y = 0.0
t0_offset_z = 0.0
t0_raw_z = -0.6955102580756423
t0_type = 'ABS'
t1_color = 'White'
t1_offset_x = -0.7
t1_offset_y = 1.71
t1_offset_z = 0.5700000000007854
t1_raw_z = 0.3769897419247929
t1_type = 'ABS'
t2_color = 'Brown'
t2_offset_x = 0.2
t2_offset_y = 0.57
t2_offset_z = 0.6875000000014362
t2_raw_z = 0.6404567182284697
t2_type = 'ASA'
t3_color = 'Clear'
t3_offset_x = -0.29
t3_offset_y = 0.22
t3_offset_z = 1.187500000003023
t3_raw_z = 1.1404567182300565
t3_type = 'ABS'

