[Variables]
current_tool = 0
nudge_position_x = 175.656
nudge_position_y = 36.85
nudge_position_z = 45.226
spool_ids = {0: 67, 1: 62}
spool_t1 = 1
t0_color = 'Black'
t0_offset_x = 0.0
t0_offset_y = 0.0
t0_offset_z = 0.0
t0_raw_z = -0.4107898943934625
t0_type = 'ABS'
t1_color = 'White'
t1_offset_x = -0.7
t1_offset_y = 1.71
t1_offset_z = -0.1799999999997557
t1_raw_z = -0.5907898943932182
t1_type = 'ABS'
t2_color = 'Brown'
t2_offset_x = 0.2
t2_offset_y = 0.57
t2_offset_z = -0.0649999999995774
t2_raw_z = -0.47578989439303987
t2_type = 'ASA'
t3_color = 'Clear'
t3_offset_x = -0.65
t3_offset_y = -0.25
t3_offset_z = 0.12250000000076122
t3_raw_z = -0.28828989439270125
t3_type = 'ABS'

