[Variables]
current_tool = 0
nudge_position_x = 175.656
nudge_position_y = 36.85
nudge_position_z = 45.226
spool_ids = {0: 67, 1: 62}
t0_color = 'Black'
t0_offset_x = 0.0
t0_offset_y = 0.0
t0_offset_z = 0.0
t0_raw_z = -0.6910572914549433
t0_type = 'ABS'
t1_color = 'White'
t1_offset_x = -0.7
t1_offset_y = 1.71
t1_offset_z = 1.0650000000003406
t1_raw_z = 0.3739427085453972
t1_type = 'ABS'
t2_color = 'Brown'
t2_offset_x = 0.2
t2_offset_y = 0.57
t2_offset_z = 1.0900000000009904
t2_raw_z = 0.398942708546047
t2_type = 'ASA'
t3_color = 'Clear'
t3_offset_x = -0.29
t3_offset_y = 0.22
t3_offset_z = 0.8475000000017081
t3_raw_z = 0.15644270854676473
t3_type = 'ABS'

